-----------------------------------------
	name	kor eng mat sum  avg  rank
-----------------------------------------
ParkJungSeok    100 100 100 300 100.00  1
LimYoHan         59  82  90 231  77.00  8
HongJinHo        85  95  80 260  86.67  4
MaJaeYoon        90  90  90 270  90.00  3
ChoiYunSeong     50  40  50 140  46.67 10
LeeYunYul        69  72  80 221  73.67  9
LeeYoungHo       95  90  99 284  94.67  2
LeeGiSeok        80  90  75 245  81.67  7
JoYoungHo        85  90  72 247  82.33  5
LeeJaeDong       75  80  92 247  82.33  5
-----------------------------------------
	name	kor eng mat sum  avg  rank
-----------------------------------------
ParkJungSeok    100 100 100 300 100.00  1
LeeYoungHo       95  90  99 284  94.67  2
MaJaeYoon        90  90  90 270  90.00  3
HongJinHo        85  95  80 260  86.67  4
JoYoungHo        85  90  72 247  82.33  5
LeeJaeDong       75  80  92 247  82.33  5
LeeGiSeok        80  90  75 245  81.67  7
LimYoHan         59  82  90 231  77.00  8
LeeYunYul        69  72  80 221  73.67  9
ChoiYunSeong     50  40  50 140  46.67 10
